       0.112120
       0.113742
       0.115380
       0.117034
       0.118700
       0.120376
       0.122060
       0.123747
       0.125432
       0.127115
       0.128788
       0.130449
       0.132091
       0.133710
       0.135300
       0.136856
       0.138370
       0.139838
       0.141252
       0.142609
       0.143900
       0.145121
       0.146265
       0.147327
       0.148304
       0.149189
       0.149981
       0.150675
       0.151270
       0.151764
       0.152156
       0.152447
       0.152638
       0.152731
       0.152727
       0.152632
       0.152449
       0.152181
       0.151835
       0.151415
       0.150928
       0.150379
       0.149776
       0.149124
       0.148431
       0.147701
       0.146941
       0.146158
       0.145356
       0.144543
       0.143723
       0.142900
       0.142081
       0.141268
       0.140466
       0.139680
       0.138912
       0.138166
       0.137444
       0.136749
       0.136083
       0.135449
       0.134848
       0.134282
       0.133752
       0.133259
       0.132805
       0.132389
       0.132013
       0.131678
       0.131382
       0.131127
       0.130913
       0.130739
       0.130604
       0.130510
       0.130453
       0.130435
       0.130454
       0.130508
       0.130597
       0.130719
       0.130873
       0.131056
       0.131267
       0.131503
       0.131762
       0.132041
       0.132337
       0.132648
       0.132969
       0.133298
       0.133630
       0.133961
       0.134288
       0.134605
       0.134909
       0.135194
       0.135455
       0.135688
       0.135887
       0.136049
       0.136166
       0.136235
       0.136252
       0.136210
       0.136107
       0.135939
       0.135702
       0.135393
       0.135011
       0.134552
       0.134017
       0.133404
       0.132714
       0.131947
       0.131104
       0.130188
       0.129202
       0.128147
       0.127027
       0.125847
       0.124611
       0.123322
       0.121986
       0.120607
       0.119191
       0.117741
       0.116264
       0.114762
       0.113242
       0.111708
       0.110163
       0.108611
       0.107057
       0.105504
       0.103954
       0.102411
       0.100877
       0.099356
       0.097848
       0.096356
       0.094881
       0.093426
       0.091990
       0.090577
       0.089185
       0.087816
       0.086470
       0.085148
       0.083851
       0.082578
       0.081330
       0.080107
       0.078908
       0.077733
       0.076583
       0.075458
       0.074356
       0.073277
       0.072222
       0.071190
